%YAML:1.0
---
class_id: "2"
pyramid_levels: 2
template_pyramids:
   -
      template_id: 0
      templates:
         -
            width: 26
            height: 108
            angle: 0.
            tl_x: 10
            tl_y: 8
            pyramid_level: 0
            features:
               - [ 12, 21, 6 ]
               - [ 1, 46, 0 ]
               - [ 24, 45, 0 ]
               - [ 13, 7, 0 ]
               - [ 24, 89, 6 ]
               - [ 20, 105, 5 ]
               - [ 17, 57, 5 ]
               - [ 7, 108, 4 ]
               - [ 21, 30, 5 ]
               - [ 7, 97, 6 ]
               - [ 25, 15, 1 ]
               - [ 25, 103, 0 ]
               - [ 1, 72, 0 ]
               - [ 25, 72, 0 ]
               - [ 25, 11, 7 ]
               - [ 11, 69, 2 ]
               - [ 8, 70, 4 ]
               - [ 1, 35, 7 ]
               - [ 5, 49, 1 ]
               - [ 16, 69, 6 ]
               - [ 5, 43, 7 ]
               - [ 5, 74, 2 ]
               - [ 0, 104, 7 ]
               - [ 21, 49, 6 ]
               - [ 0, 88, 7 ]
               - [ 23, 35, 2 ]
               - [ 10, 85, 3 ]
               - [ 12, 77, 0 ]
               - [ 4, 25, 3 ]
               - [ 2, 92, 7 ]
               - [ 11, 49, 6 ]
               - [ 16, 74, 2 ]
               - [ 18, 2, 4 ]
               - [ 11, 44, 2 ]
               - [ 12, 57, 2 ]
               - [ 22, 77, 7 ]
               - [ 18, 61, 4 ]
               - [ 5, 36, 2 ]
               - [ 8, 88, 1 ]
               - [ 16, 106, 1 ]
               - [ 4, 1, 5 ]
               - [ 4, 87, 7 ]
               - [ 16, 48, 2 ]
               - [ 4, 77, 0 ]
               - [ 8, 61, 4 ]
               - [ 16, 44, 6 ]
               - [ 15, 88, 7 ]
               - [ 9, 35, 4 ]
               - [ 2, 22, 2 ]
               - [ 20, 90, 1 ]
               - [ 2, 4, 6 ]
               - [ 18, 39, 5 ]
               - [ 8, 9, 0 ]
               - [ 25, 62, 1 ]
               - [ 2, 12, 6 ]
               - [ 17, 17, 0 ]
               - [ 17, 10, 0 ]
         -
            width: 13
            height: 54
            angle: 0.
            tl_x: 5
            tl_y: 4
            pyramid_level: 1
            features:
               - [ 6, 10, 5 ]
               - [ 13, 6, 0 ]
               - [ 9, 1, 4 ]
               - [ 13, 46, 0 ]
               - [ 10, 53, 3 ]
               - [ 0, 23, 0 ]
               - [ 0, 36, 0 ]
               - [ 13, 36, 0 ]
               - [ 13, 23, 0 ]
               - [ 5, 54, 4 ]
               - [ 12, 18, 0 ]
               - [ 5, 43, 3 ]
               - [ 0, 46, 7 ]
               - [ 1, 6, 0 ]
               - [ 0, 18, 0 ]
               - [ 9, 28, 6 ]
               - [ 6, 15, 2 ]
               - [ 5, 28, 2 ]
