%YAML:1.0
---
class_id: dianzan
pyramid_levels: 2
template_pyramids:
   -
      template_id: 0
      templates:
         -
            width: 61
            height: 56
            angle: 0.
            tl_x: 10
            tl_y: 4
            pyramid_level: 0
            features:
               - [ 41, 51, 2 ]
               - [ 61, 12, 7 ]
               - [ 46, 1, 4 ]
               - [ 29, 56, 5 ]
               - [ 2, 28, 7 ]
               - [ 20, 49, 6 ]
               - [ 38, 2, 3 ]
               - [ 9, 38, 6 ]
               - [ 25, 2, 5 ]
               - [ 1, 14, 1 ]
               - [ 50, 42, 2 ]
               - [ 54, 38, 2 ]
               - [ 0, 21, 0 ]
               - [ 60, 30, 1 ]
               - [ 7, 5, 2 ]
         -
            width: 30
            height: 28
            angle: 0.
            tl_x: 5
            tl_y: 2
            pyramid_level: 1
            features:
               - [ 25, 1, 5 ]
               - [ 20, 1, 3 ]
               - [ 13, 27, 5 ]
               - [ 14, 2, 5 ]
               - [ 1, 7, 1 ]
               - [ 30, 15, 1 ]
