%YAML:1.0
---
class_id: xiaoxi
pyramid_levels: 2
template_pyramids:
   -
      template_id: 0
      templates:
         -
            width: 59
            height: 57
            angle: 0.
            tl_x: 8
            tl_y: 10
            pyramid_level: 0
            features:
               - [ 15, 54, 4 ]
               - [ 10, 55, 3 ]
               - [ 44, 24, 4 ]
               - [ 24, 57, 5 ]
               - [ 21, 56, 5 ]
               - [ 43, 54, 3 ]
               - [ 33, 30, 1 ]
               - [ 1, 37, 7 ]
               - [ 15, 24, 4 ]
               - [ 0, 34, 7 ]
               - [ 59, 32, 0 ]
               - [ 56, 15, 7 ]
               - [ 55, 43, 1 ]
               - [ 4, 43, 7 ]
               - [ 3, 16, 1 ]
               - [ 39, 1, 5 ]
               - [ 42, 2, 5 ]
               - [ 47, 5, 5 ]
               - [ 59, 25, 0 ]
               - [ 20, 1, 3 ]
               - [ 12, 5, 2 ]
               - [ 18, 32, 2 ]
               - [ 24, 0, 3 ]
               - [ 13, 32, 6 ]
         -
            width: 29
            height: 28
            angle: 0.
            tl_x: 4
            tl_y: 5
            pyramid_level: 1
            features:
               - [ 11, 28, 5 ]
               - [ 7, 27, 4 ]
               - [ 0, 16, 0 ]
               - [ 23, 26, 3 ]
               - [ 29, 17, 0 ]
               - [ 18, 28, 3 ]
               - [ 2, 7, 1 ]
               - [ 9, 1, 3 ]
